Nodes:      [1, 2, 3, 4, 5, 6, 7, 8, 9, 10, 11, 12, 13, 14, 15, 16, 17, 18, 19, 20, 21, 22, 23, 24, 25, 26, 27, 28]
InitNodes:  [1]
EndNodes:   [2, 5, 9, 13, 15, 17, 20]
Edges:
1 to  [2, 3]
2 to  []
3 to  [4, 7]
4 to  [5, 6]
5 to  []
6 to  [8]
7 to  [8]
8 to  [9, 10]
9 to  []
10 to  [11, 12]
11 to  [12]
12 to  [13, 14]
13 to  []
14 to  [15, 16]
15 to  []
16 to  [17, 18]
17 to  []
18 to  [19]
19 to  [20, 21]
20 to  []
21 to  [22, 23]
22 to  [24]
23 to  [24]
24 to  [25]
25 to  [19, 26]
26 to  [27, 28]
27 to  [19]
28 to  [19]
90
[1, 2]
[1, 3, 4, 5]
[1, 3, 7, 8, 9]
[1, 3, 4, 6, 8, 9]
[19, 21, 22, 24, 25, 19]
[19, 21, 23, 24, 25, 19]
[21, 22, 24, 25, 19, 20]
[21, 22, 24, 25, 19, 21]
[21, 23, 24, 25, 19, 20]
[21, 23, 24, 25, 19, 21]
[22, 24, 25, 19, 21, 22]
[22, 24, 25, 19, 21, 23]
[23, 24, 25, 19, 21, 22]
[23, 24, 25, 19, 21, 23]
[24, 25, 19, 21, 22, 24]
[24, 25, 19, 21, 23, 24]
[25, 19, 21, 22, 24, 25]
[25, 19, 21, 23, 24, 25]
[1, 3, 7, 8, 10, 12, 13]
[1, 3, 4, 6, 8, 10, 12, 13]
[1, 3, 7, 8, 10, 11, 12, 13]
[1, 3, 7, 8, 10, 12, 14, 15]
[19, 21, 22, 24, 25, 26, 27, 19]
[19, 21, 22, 24, 25, 26, 28, 19]
[19, 21, 23, 24, 25, 26, 27, 19]
[19, 21, 23, 24, 25, 26, 28, 19]
[21, 22, 24, 25, 26, 27, 19, 20]
[21, 22, 24, 25, 26, 27, 19, 21]
[21, 22, 24, 25, 26, 28, 19, 20]
[21, 22, 24, 25, 26, 28, 19, 21]
[21, 23, 24, 25, 26, 27, 19, 20]
[21, 23, 24, 25, 26, 27, 19, 21]
[21, 23, 24, 25, 26, 28, 19, 20]
[21, 23, 24, 25, 26, 28, 19, 21]
[22, 24, 25, 26, 27, 19, 21, 22]
[22, 24, 25, 26, 27, 19, 21, 23]
[22, 24, 25, 26, 28, 19, 21, 22]
[22, 24, 25, 26, 28, 19, 21, 23]
[23, 24, 25, 26, 27, 19, 21, 22]
[23, 24, 25, 26, 27, 19, 21, 23]
[23, 24, 25, 26, 28, 19, 21, 22]
[23, 24, 25, 26, 28, 19, 21, 23]
[24, 25, 26, 27, 19, 21, 22, 24]
[24, 25, 26, 27, 19, 21, 23, 24]
[24, 25, 26, 28, 19, 21, 22, 24]
[24, 25, 26, 28, 19, 21, 23, 24]
[25, 26, 27, 19, 21, 22, 24, 25]
[25, 26, 27, 19, 21, 23, 24, 25]
[25, 26, 28, 19, 21, 22, 24, 25]
[25, 26, 28, 19, 21, 23, 24, 25]
[26, 27, 19, 21, 22, 24, 25, 26]
[26, 27, 19, 21, 23, 24, 25, 26]
[26, 28, 19, 21, 22, 24, 25, 26]
[26, 28, 19, 21, 23, 24, 25, 26]
[27, 19, 21, 22, 24, 25, 26, 27]
[27, 19, 21, 22, 24, 25, 26, 28]
[27, 19, 21, 23, 24, 25, 26, 27]
[27, 19, 21, 23, 24, 25, 26, 28]
[28, 19, 21, 22, 24, 25, 26, 27]
[28, 19, 21, 22, 24, 25, 26, 28]
[28, 19, 21, 23, 24, 25, 26, 27]
[28, 19, 21, 23, 24, 25, 26, 28]
[1, 3, 4, 6, 8, 10, 11, 12, 13]
[1, 3, 4, 6, 8, 10, 12, 14, 15]
[1, 3, 7, 8, 10, 11, 12, 14, 15]
[1, 3, 7, 8, 10, 12, 14, 16, 17]
[1, 3, 4, 6, 8, 10, 11, 12, 14, 15]
[1, 3, 4, 6, 8, 10, 12, 14, 16, 17]
[1, 3, 7, 8, 10, 11, 12, 14, 16, 17]
[1, 3, 4, 6, 8, 10, 11, 12, 14, 16, 17]
[1, 3, 7, 8, 10, 12, 14, 16, 18, 19, 20]
[1, 3, 4, 6, 8, 10, 12, 14, 16, 18, 19, 20]
[1, 3, 7, 8, 10, 11, 12, 14, 16, 18, 19, 20]
[1, 3, 4, 6, 8, 10, 11, 12, 14, 16, 18, 19, 20]
[1, 3, 7, 8, 10, 12, 14, 16, 18, 19, 21, 22, 24, 25, 26, 27]
[1, 3, 7, 8, 10, 12, 14, 16, 18, 19, 21, 22, 24, 25, 26, 28]
[1, 3, 7, 8, 10, 12, 14, 16, 18, 19, 21, 23, 24, 25, 26, 27]
[1, 3, 7, 8, 10, 12, 14, 16, 18, 19, 21, 23, 24, 25, 26, 28]
[1, 3, 4, 6, 8, 10, 12, 14, 16, 18, 19, 21, 22, 24, 25, 26, 27]
[1, 3, 4, 6, 8, 10, 12, 14, 16, 18, 19, 21, 22, 24, 25, 26, 28]
[1, 3, 4, 6, 8, 10, 12, 14, 16, 18, 19, 21, 23, 24, 25, 26, 27]
[1, 3, 4, 6, 8, 10, 12, 14, 16, 18, 19, 21, 23, 24, 25, 26, 28]
[1, 3, 7, 8, 10, 11, 12, 14, 16, 18, 19, 21, 22, 24, 25, 26, 27]
[1, 3, 7, 8, 10, 11, 12, 14, 16, 18, 19, 21, 22, 24, 25, 26, 28]
[1, 3, 7, 8, 10, 11, 12, 14, 16, 18, 19, 21, 23, 24, 25, 26, 27]
[1, 3, 7, 8, 10, 11, 12, 14, 16, 18, 19, 21, 23, 24, 25, 26, 28]
[1, 3, 4, 6, 8, 10, 11, 12, 14, 16, 18, 19, 21, 22, 24, 25, 26, 27]
[1, 3, 4, 6, 8, 10, 11, 12, 14, 16, 18, 19, 21, 22, 24, 25, 26, 28]
[1, 3, 4, 6, 8, 10, 11, 12, 14, 16, 18, 19, 21, 23, 24, 25, 26, 27]
[1, 3, 4, 6, 8, 10, 11, 12, 14, 16, 18, 19, 21, 23, 24, 25, 26, 28]
