Nodes:      [1, 2, 3, 4, 5, 6, 7, 8, 9, 10, 11, 12, 13, 14, 15]
InitNodes:  [1]
EndNodes:   [4, 5]
Edges:
1 to  [2]
2 to  [3, 6]
3 to  [4, 5]
4 to  []
5 to  []
6 to  [7]
7 to  [8, 9]
8 to  [2]
9 to  [10]
10 to  [11, 12]
11 to  [7]
12 to  [13]
13 to  [14, 15]
14 to  [15]
15 to  [10]
41
[1, 2, 3, 4]
[1, 2, 3, 5]
[1, 2, 6, 7, 8]
[2, 6, 7, 8, 2]
[6, 7, 8, 2, 6]
[7, 8, 2, 6, 7]
[7, 9, 10, 11, 7]
[8, 2, 6, 7, 8]
[9, 10, 11, 7, 9]
[10, 11, 7, 9, 10]
[10, 12, 13, 15, 10]
[11, 7, 9, 10, 11]
[12, 13, 15, 10, 12]
[13, 15, 10, 12, 13]
[15, 10, 12, 13, 15]
[6, 7, 8, 2, 3, 4]
[6, 7, 8, 2, 3, 5]
[10, 12, 13, 14, 15, 10]
[12, 13, 14, 15, 10, 12]
[13, 14, 15, 10, 12, 13]
[14, 15, 10, 12, 13, 14]
[15, 10, 12, 13, 14, 15]
[1, 2, 6, 7, 9, 10, 11]
[8, 2, 6, 7, 9, 10, 11]
[9, 10, 11, 7, 8, 2, 6]
[11, 7, 9, 10, 12, 13, 15]
[12, 13, 15, 10, 11, 7, 9]
[9, 10, 11, 7, 8, 2, 3, 4]
[9, 10, 11, 7, 8, 2, 3, 5]
[11, 7, 9, 10, 12, 13, 14, 15]
[12, 13, 14, 15, 10, 11, 7, 9]
[1, 2, 6, 7, 9, 10, 12, 13, 15]
[8, 2, 6, 7, 9, 10, 12, 13, 15]
[12, 13, 15, 10, 11, 7, 8, 2, 6]
[1, 2, 6, 7, 9, 10, 12, 13, 14, 15]
[8, 2, 6, 7, 9, 10, 12, 13, 14, 15]
[12, 13, 14, 15, 10, 11, 7, 8, 2, 6]
[12, 13, 15, 10, 11, 7, 8, 2, 3, 4]
[12, 13, 15, 10, 11, 7, 8, 2, 3, 5]
[12, 13, 14, 15, 10, 11, 7, 8, 2, 3, 4]
[12, 13, 14, 15, 10, 11, 7, 8, 2, 3, 5]
